100 100
1 1
100 100
3000
1 3
1 5
1 11
1 12
1 14
1 15
1 17
1 18
1 21
1 27
1 30
1 37
1 38
1 39
1 46
1 47
1 49
1 50
1 60
1 62
1 71
1 77
1 80
1 83
1 86
1 88
1 93
1 94
1 97
1 99
2 1
2 6
2 9
2 10
2 12
2 13
2 18
2 27
2 29
2 30
2 33
2 35
2 38
2 39
2 40
2 43
2 44
2 46
2 48
2 52
2 53
2 54
2 56
2 57
2 60
2 61
2 62
2 67
2 69
2 75
2 78
2 84
2 86
2 87
2 90
2 93
2 94
2 95
2 99
3 1
3 4
3 8
3 13
3 14
3 27
3 32
3 39
3 42
3 47
3 48
3 50
3 53
3 55
3 59
3 60
3 61
3 64
3 66
3 67
3 70
3 75
3 81
3 85
3 88
3 91
3 93
3 98
4 10
4 25
4 27
4 28
4 32
4 40
4 41
4 42
4 47
4 56
4 57
4 58
4 61
4 64
4 66
4 67
4 68
4 70
4 71
4 75
4 76
4 77
4 78
4 81
4 82
4 83
4 87
4 88
4 95
4 96
4 97
5 1
5 6
5 8
5 10
5 14
5 16
5 19
5 22
5 24
5 30
5 35
5 41
5 42
5 43
5 54
5 57
5 58
5 59
5 60
5 61
5 66
5 71
5 76
5 77
5 84
5 99
5 100
6 8
6 13
6 14
6 17
6 23
6 25
6 26
6 29
6 30
6 31
6 32
6 33
6 35
6 36
6 37
6 44
6 49
6 57
6 61
6 62
6 69
6 73
6 75
6 87
6 88
6 91
6 96
6 97
6 98
6 99
6 100
7 6
7 8
7 11
7 23
7 24
7 26
7 29
7 31
7 36
7 39
7 42
7 49
7 53
7 57
7 61
7 68
7 77
7 80
7 81
7 83
7 84
7 85
7 86
7 92
7 93
7 95
7 96
8 3
8 6
8 9
8 11
8 14
8 18
8 23
8 24
8 25
8 30
8 35
8 38
8 39
8 44
8 45
8 47
8 50
8 57
8 63
8 66
8 67
8 73
8 78
8 86
8 88
8 90
8 91
8 93
8 94
8 95
8 99
8 100
9 2
9 4
9 5
9 9
9 11
9 13
9 14
9 16
9 18
9 22
9 27
9 31
9 32
9 34
9 35
9 36
9 38
9 41
9 44
9 46
9 49
9 55
9 56
9 59
9 63
9 77
9 82
9 84
9 86
9 92
9 99
10 1
10 4
10 5
10 7
10 8
10 9
10 11
10 14
10 21
10 22
10 26
10 28
10 31
10 32
10 36
10 38
10 40
10 41
10 48
10 56
10 60
10 62
10 71
10 72
10 83
10 84
10 85
10 86
10 89
10 93
10 94
11 4
11 10
11 12
11 13
11 16
11 19
11 30
11 32
11 34
11 37
11 38
11 40
11 43
11 44
11 57
11 62
11 65
11 71
11 77
11 78
11 79
11 81
11 88
11 90
11 99
12 6
12 7
12 8
12 11
12 13
12 20
12 24
12 26
12 27
12 29
12 34
12 37
12 44
12 46
12 47
12 56
12 69
12 71
12 72
12 73
12 81
12 84
12 89
12 91
12 94
12 97
12 98
13 2
13 3
13 4
13 10
13 12
13 16
13 23
13 27
13 30
13 35
13 41
13 44
13 48
13 55
13 56
13 58
13 64
13 68
13 71
13 73
13 74
13 83
13 86
13 90
13 98
13 99
14 1
14 2
14 6
14 7
14 10
14 11
14 13
14 14
14 16
14 17
14 19
14 22
14 25
14 29
14 30
14 35
14 40
14 42
14 44
14 50
14 56
14 59
14 60
14 62
14 66
14 70
14 71
14 74
14 78
14 79
14 82
14 83
14 84
14 90
14 91
14 92
14 95
14 97
15 4
15 11
15 23
15 26
15 27
15 29
15 34
15 40
15 42
15 43
15 44
15 48
15 51
15 52
15 55
15 58
15 59
15 62
15 63
15 66
15 67
15 72
15 74
15 76
15 78
15 79
15 82
15 83
15 84
15 85
15 91
15 95
15 96
15 98
15 100
16 3
16 7
16 15
16 16
16 18
16 19
16 22
16 33
16 34
16 36
16 42
16 44
16 49
16 51
16 53
16 56
16 58
16 60
16 63
16 65
16 67
16 68
16 74
16 77
16 80
16 81
16 84
16 85
16 89
16 90
16 92
16 93
16 94
16 97
17 8
17 10
17 11
17 12
17 16
17 21
17 26
17 32
17 35
17 40
17 48
17 54
17 57
17 58
17 64
17 65
17 66
17 67
17 69
17 70
17 71
17 81
17 85
17 87
17 89
17 90
17 91
17 97
18 1
18 5
18 6
18 7
18 10
18 11
18 13
18 23
18 31
18 37
18 40
18 41
18 42
18 44
18 45
18 50
18 56
18 57
18 58
18 59
18 60
18 67
18 72
18 74
18 86
18 89
18 90
18 91
18 92
18 99
19 5
19 6
19 7
19 9
19 10
19 16
19 17
19 22
19 27
19 29
19 31
19 35
19 36
19 41
19 46
19 50
19 53
19 55
19 65
19 67
19 70
19 72
19 78
19 79
19 81
19 85
19 86
19 87
19 89
19 93
19 94
19 100
20 1
20 2
20 4
20 5
20 6
20 9
20 15
20 16
20 17
20 20
20 23
20 44
20 46
20 47
20 49
20 52
20 54
20 55
20 57
20 63
20 74
20 78
20 79
20 85
20 91
20 96
20 97
21 11
21 15
21 16
21 19
21 23
21 24
21 25
21 31
21 33
21 35
21 38
21 39
21 41
21 43
21 44
21 49
21 50
21 52
21 54
21 55
21 57
21 58
21 62
21 72
21 73
21 74
21 76
21 81
21 85
21 86
21 88
21 96
21 97
22 2
22 5
22 7
22 11
22 14
22 16
22 18
22 23
22 24
22 25
22 27
22 29
22 33
22 35
22 39
22 40
22 45
22 55
22 58
22 61
22 64
22 67
22 69
22 70
22 71
22 74
22 77
22 79
22 82
22 84
22 87
22 89
22 92
22 94
22 95
22 97
22 99
23 3
23 10
23 11
23 16
23 17
23 18
23 20
23 21
23 24
23 26
23 31
23 33
23 35
23 41
23 46
23 52
23 64
23 69
23 88
23 92
23 93
23 98
23 100
24 1
24 16
24 21
24 26
24 29
24 31
24 39
24 41
24 42
24 47
24 56
24 58
24 62
24 63
24 66
24 72
24 75
24 77
24 90
24 92
24 93
25 4
25 5
25 6
25 8
25 14
25 15
25 17
25 24
25 27
25 29
25 31
25 33
25 36
25 38
25 42
25 44
25 45
25 46
25 49
25 54
25 56
25 60
25 64
25 66
25 69
25 71
25 72
25 73
25 75
25 79
25 83
25 84
25 87
25 95
25 97
25 98
26 7
26 8
26 15
26 16
26 18
26 19
26 22
26 28
26 29
26 34
26 35
26 45
26 46
26 47
26 54
26 55
26 61
26 66
26 74
26 75
26 76
26 77
26 79
26 81
26 82
26 84
26 86
26 92
26 95
27 17
27 22
27 23
27 24
27 25
27 27
27 28
27 29
27 30
27 32
27 34
27 35
27 36
27 38
27 42
27 43
27 46
27 49
27 50
27 57
27 58
27 64
27 65
27 70
27 71
27 79
27 80
27 83
27 85
27 86
27 96
27 97
27 100
28 4
28 9
28 10
28 11
28 16
28 28
28 31
28 32
28 39
28 41
28 42
28 43
28 47
28 50
28 52
28 53
28 58
28 61
28 64
28 67
28 68
28 71
28 75
28 79
28 80
28 81
28 84
28 88
28 89
28 94
28 95
28 99
29 4
29 11
29 16
29 19
29 21
29 24
29 25
29 29
29 32
29 43
29 44
29 45
29 46
29 49
29 56
29 58
29 59
29 61
29 65
29 67
29 68
29 69
29 70
29 72
29 73
29 75
29 76
29 78
29 80
29 81
29 85
29 87
29 92
29 93
29 95
29 96
29 100
30 2
30 4
30 5
30 8
30 10
30 13
30 17
30 18
30 19
30 26
30 27
30 30
30 34
30 40
30 42
30 45
30 47
30 51
30 53
30 56
30 58
30 61
30 69
30 71
30 72
30 77
30 79
30 82
30 84
30 89
30 91
30 98
30 99
31 5
31 9
31 17
31 20
31 23
31 25
31 28
31 32
31 34
31 35
31 38
31 39
31 45
31 47
31 52
31 54
31 59
31 77
31 83
31 89
31 90
31 91
31 96
31 98
31 99
31 100
32 3
32 5
32 12
32 19
32 22
32 25
32 26
32 27
32 29
32 34
32 35
32 41
32 42
32 46
32 54
32 56
32 57
32 62
32 64
32 68
32 71
32 73
32 74
32 76
32 77
32 90
32 96
33 1
33 8
33 12
33 14
33 18
33 22
33 23
33 26
33 27
33 28
33 30
33 33
33 34
33 36
33 37
33 42
33 43
33 49
33 52
33 60
33 63
33 66
33 67
33 69
33 74
33 76
33 77
33 79
33 81
33 88
33 90
33 94
33 95
33 96
33 98
33 100
34 7
34 9
34 14
34 19
34 21
34 23
34 24
34 26
34 33
34 39
34 49
34 53
34 54
34 57
34 58
34 60
34 69
34 71
34 77
34 87
34 90
34 97
34 99
34 100
35 6
35 8
35 9
35 10
35 12
35 15
35 16
35 21
35 28
35 29
35 31
35 32
35 37
35 39
35 40
35 43
35 45
35 51
35 52
35 53
35 56
35 58
35 61
35 67
35 68
35 77
35 94
35 100
36 1
36 4
36 8
36 12
36 14
36 19
36 20
36 25
36 30
36 32
36 35
36 36
36 37
36 38
36 42
36 44
36 48
36 49
36 52
36 66
36 67
36 69
36 70
36 71
36 73
36 74
36 76
36 83
36 96
37 8
37 9
37 13
37 14
37 15
37 18
37 20
37 29
37 39
37 47
37 50
37 53
37 58
37 60
37 61
37 69
37 78
37 81
37 83
37 84
37 91
37 96
38 5
38 8
38 18
38 20
38 21
38 22
38 24
38 25
38 26
38 29
38 30
38 36
38 40
38 41
38 42
38 43
38 47
38 48
38 54
38 55
38 57
38 58
38 59
38 63
38 67
38 73
38 79
38 81
38 85
38 90
38 94
38 95
38 96
39 1
39 3
39 4
39 5
39 6
39 7
39 9
39 10
39 12
39 14
39 16
39 19
39 20
39 22
39 24
39 29
39 33
39 38
39 50
39 59
39 60
39 62
39 65
39 69
39 72
39 74
39 75
39 80
39 82
39 84
39 86
39 88
39 94
40 3
40 4
40 9
40 11
40 15
40 22
40 27
40 28
40 39
40 47
40 50
40 53
40 56
40 62
40 64
40 68
40 69
40 74
40 75
40 78
40 82
40 83
40 84
40 86
40 88
40 90
40 93
40 96
40 98
41 1
41 4
41 8
41 10
41 11
41 13
41 14
41 19
41 24
41 27
41 32
41 39
41 41
41 49
41 54
41 57
41 59
41 66
41 68
41 69
41 71
41 76
41 78
41 81
41 82
41 83
41 84
41 90
41 95
41 96
41 100
42 3
42 7
42 11
42 12
42 15
42 19
42 20
42 22
42 24
42 25
42 26
42 28
42 31
42 34
42 35
42 37
42 38
42 42
42 47
42 52
42 59
42 60
42 68
42 74
42 75
42 77
42 81
42 82
42 83
42 84
42 85
42 86
42 88
42 89
42 90
42 91
42 94
42 95
42 99
43 4
43 6
43 11
43 15
43 17
43 19
43 20
43 21
43 27
43 28
43 34
43 36
43 37
43 40
43 41
43 42
43 48
43 53
43 57
43 62
43 72
43 73
43 81
43 86
43 95
44 1
44 11
44 13
44 14
44 17
44 18
44 23
44 24
44 27
44 31
44 32
44 35
44 39
44 41
44 42
44 51
44 53
44 54
44 55
44 56
44 60
44 64
44 69
44 73
44 76
44 82
44 87
44 88
44 90
44 95
44 98
45 1
45 8
45 9
45 10
45 12
45 13
45 19
45 23
45 24
45 28
45 31
45 35
45 37
45 39
45 42
45 52
45 61
45 62
45 72
45 78
45 79
45 83
45 88
45 89
45 97
46 3
46 15
46 16
46 19
46 20
46 23
46 24
46 25
46 29
46 32
46 35
46 44
46 49
46 56
46 59
46 61
46 62
46 66
46 67
46 73
46 75
46 85
46 89
46 90
46 91
46 95
46 96
47 2
47 6
47 10
47 13
47 25
47 30
47 31
47 40
47 43
47 45
47 46
47 57
47 60
47 62
47 65
47 66
47 75
47 81
47 89
47 100
48 2
48 3
48 4
48 11
48 16
48 20
48 22
48 25
48 29
48 32
48 35
48 36
48 37
48 42
48 44
48 46
48 49
48 50
48 52
48 53
48 58
48 59
48 64
48 75
48 80
48 82
48 83
48 100
49 8
49 9
49 22
49 29
49 30
49 33
49 40
49 47
49 50
49 52
49 53
49 55
49 57
49 61
49 65
49 67
49 68
49 69
49 72
49 81
49 82
49 83
49 86
49 89
49 90
49 91
49 93
49 95
49 96
49 98
49 99
50 1
50 2
50 3
50 4
50 17
50 19
50 20
50 22
50 25
50 28
50 29
50 32
50 33
50 44
50 47
50 50
50 54
50 55
50 61
50 65
50 70
50 77
50 80
50 81
50 83
50 86
50 87
50 90
50 91
50 97
50 98
50 99
51 2
51 9
51 14
51 18
51 19
51 21
51 23
51 25
51 27
51 30
51 31
51 40
51 42
51 43
51 44
51 45
51 47
51 59
51 60
51 62
51 64
51 67
51 68
51 69
51 77
51 79
51 83
51 86
51 90
51 91
51 92
52 1
52 2
52 12
52 18
52 27
52 29
52 30
52 31
52 33
52 34
52 35
52 41
52 46
52 48
52 61
52 65
52 68
52 71
52 80
52 81
52 82
52 83
52 85
52 89
52 91
52 93
52 95
52 99
52 100
53 7
53 12
53 21
53 24
53 25
53 27
53 29
53 30
53 36
53 39
53 43
53 44
53 45
53 48
53 51
53 52
53 57
53 58
53 62
53 65
53 66
53 71
53 72
53 73
53 75
53 77
53 86
53 89
53 93
53 97
54 2
54 5
54 9
54 10
54 16
54 19
54 20
54 25
54 26
54 28
54 30
54 31
54 33
54 34
54 36
54 38
54 42
54 47
54 49
54 53
54 55
54 59
54 65
54 66
54 68
54 69
54 72
54 79
54 81
54 82
54 83
54 84
54 85
54 95
54 97
55 1
55 2
55 5
55 8
55 9
55 10
55 16
55 18
55 27
55 28
55 34
55 35
55 37
55 38
55 41
55 56
55 60
55 64
55 70
55 72
55 80
55 86
55 87
55 88
55 94
55 97
55 99
56 1
56 2
56 5
56 6
56 9
56 12
56 13
56 15
56 17
56 18
56 22
56 26
56 28
56 31
56 35
56 43
56 45
56 46
56 50
56 61
56 62
56 65
56 70
56 79
56 80
56 81
56 83
56 85
56 91
56 95
56 97
56 98
57 4
57 10
57 11
57 12
57 14
57 31
57 34
57 36
57 40
57 44
57 48
57 54
57 55
57 56
57 59
57 62
57 63
57 70
57 79
57 83
57 85
57 87
57 89
57 90
57 93
57 94
57 95
57 98
57 100
58 3
58 6
58 7
58 13
58 18
58 23
58 25
58 30
58 31
58 35
58 42
58 47
58 51
58 52
58 55
58 56
58 57
58 65
58 66
58 67
58 69
58 70
58 73
58 76
58 77
58 79
58 83
58 87
58 98
58 100
59 3
59 7
59 11
59 17
59 20
59 23
59 31
59 41
59 42
59 49
59 60
59 62
59 66
59 68
59 69
59 71
59 76
59 77
59 78
59 82
59 84
59 88
59 90
59 92
59 94
59 95
59 96
59 100
60 2
60 3
60 8
60 10
60 15
60 17
60 18
60 19
60 22
60 23
60 33
60 35
60 40
60 41
60 45
60 47
60 49
60 50
60 51
60 53
60 54
60 55
60 57
60 58
60 61
60 63
60 71
60 76
60 78
60 79
60 81
60 82
60 90
60 98
60 99
61 2
61 8
61 10
61 12
61 14
61 22
61 26
61 28
61 36
61 42
61 43
61 45
61 53
61 58
61 63
61 66
61 71
61 72
61 79
61 85
61 89
61 91
62 1
62 5
62 6
62 9
62 10
62 13
62 23
62 25
62 28
62 31
62 32
62 38
62 41
62 42
62 44
62 47
62 48
62 49
62 52
62 55
62 66
62 71
62 77
62 81
62 89
62 97
62 100
63 5
63 6
63 7
63 19
63 20
63 24
63 25
63 26
63 28
63 34
63 35
63 38
63 40
63 56
63 57
63 63
63 75
63 80
63 85
63 86
63 94
63 95
63 100
64 1
64 6
64 7
64 8
64 9
64 18
64 22
64 24
64 30
64 32
64 40
64 42
64 51
64 54
64 56
64 58
64 59
64 70
64 71
64 77
64 78
64 79
64 80
64 83
64 85
64 86
64 90
64 92
64 99
65 8
65 9
65 11
65 17
65 18
65 22
65 24
65 27
65 28
65 37
65 41
65 43
65 55
65 58
65 61
65 64
65 71
65 73
65 74
65 75
65 77
65 78
65 84
65 86
65 89
65 91
65 94
65 95
65 97
66 1
66 2
66 4
66 6
66 7
66 8
66 10
66 30
66 32
66 34
66 35
66 36
66 39
66 44
66 46
66 48
66 56
66 58
66 61
66 62
66 68
66 73
66 75
66 80
66 81
66 85
66 86
66 88
66 90
66 92
66 93
66 97
66 98
67 3
67 15
67 17
67 26
67 30
67 31
67 32
67 34
67 37
67 41
67 42
67 44
67 46
67 47
67 51
67 52
67 53
67 54
67 59
67 61
67 62
67 64
67 67
67 75
67 76
67 79
67 82
67 83
67 85
67 86
67 90
67 93
68 4
68 6
68 10
68 11
68 19
68 20
68 22
68 31
68 34
68 43
68 47
68 49
68 54
68 55
68 56
68 57
68 64
68 69
68 71
68 77
68 92
68 95
68 97
69 5
69 8
69 11
69 13
69 19
69 20
69 24
69 26
69 28
69 33
69 34
69 36
69 39
69 41
69 45
69 46
69 47
69 49
69 52
69 63
69 69
69 71
69 74
69 75
69 78
69 80
69 81
69 82
69 86
69 88
69 90
69 91
69 94
70 7
70 9
70 10
70 12
70 21
70 32
70 37
70 38
70 43
70 45
70 49
70 51
70 54
70 56
70 58
70 63
70 64
70 67
70 72
70 74
70 79
70 87
70 89
70 93
70 96
70 100
71 6
71 7
71 18
71 20
71 21
71 24
71 25
71 26
71 28
71 29
71 34
71 37
71 39
71 44
71 46
71 47
71 48
71 49
71 52
71 55
71 60
71 62
71 63
71 64
71 65
71 75
71 78
71 83
71 84
71 88
71 90
71 91
71 96
72 8
72 9
72 14
72 15
72 17
72 19
72 20
72 21
72 31
72 32
72 35
72 36
72 41
72 45
72 46
72 48
72 54
72 59
72 60
72 62
72 63
72 64
72 65
72 68
72 69
72 71
72 77
72 79
72 86
72 91
72 95
72 100
73 1
73 2
73 5
73 7
73 11
73 12
73 16
73 17
73 19
73 21
73 27
73 37
73 40
73 43
73 44
73 45
73 51
73 55
73 56
73 60
73 66
73 68
73 71
73 76
73 77
73 80
73 82
73 88
73 89
73 90
73 91
73 94
73 97
74 1
74 2
74 12
74 17
74 23
74 27
74 29
74 31
74 47
74 50
74 52
74 54
74 58
74 66
74 70
74 71
74 76
74 77
74 80
74 83
74 92
74 94
74 97
74 100
75 5
75 6
75 7
75 12
75 14
75 15
75 17
75 20
75 22
75 23
75 26
75 28
75 29
75 33
75 34
75 37
75 42
75 47
75 58
75 62
75 65
75 66
75 71
75 74
75 77
75 79
75 82
75 83
75 86
75 87
75 89
75 91
75 93
76 5
76 12
76 13
76 16
76 18
76 19
76 28
76 33
76 34
76 35
76 39
76 40
76 41
76 44
76 47
76 56
76 58
76 62
76 68
76 72
76 73
76 74
76 79
76 82
76 83
76 86
76 89
76 94
76 96
77 1
77 3
77 13
77 14
77 16
77 27
77 31
77 32
77 34
77 40
77 49
77 50
77 53
77 55
77 57
77 58
77 60
77 61
77 63
77 64
77 72
77 75
77 76
77 82
77 88
77 90
77 91
77 96
78 1
78 2
78 8
78 10
78 11
78 14
78 18
78 19
78 22
78 31
78 33
78 40
78 51
78 52
78 53
78 56
78 65
78 67
78 69
78 76
78 77
78 79
78 94
79 2
79 8
79 13
79 20
79 21
79 23
79 25
79 30
79 39
79 40
79 54
79 60
79 62
79 65
79 66
79 71
79 75
79 78
79 79
79 81
79 91
79 93
79 94
79 99
80 4
80 5
80 6
80 8
80 10
80 14
80 22
80 28
80 29
80 31
80 36
80 37
80 38
80 49
80 58
80 59
80 60
80 64
80 66
80 67
80 68
80 72
80 88
80 89
80 90
80 91
80 92
80 95
80 96
80 98
80 99
81 4
81 7
81 11
81 13
81 15
81 17
81 19
81 20
81 21
81 24
81 28
81 39
81 42
81 43
81 45
81 49
81 53
81 59
81 62
81 64
81 71
81 84
81 90
81 91
81 93
81 94
81 97
81 100
82 3
82 6
82 7
82 17
82 23
82 31
82 33
82 38
82 39
82 40
82 43
82 45
82 46
82 48
82 50
82 52
82 53
82 54
82 57
82 61
82 62
82 63
82 65
82 66
82 68
82 69
82 78
82 83
82 92
82 94
82 96
82 97
82 99
83 4
83 8
83 9
83 10
83 13
83 17
83 20
83 21
83 26
83 30
83 35
83 37
83 46
83 48
83 49
83 52
83 56
83 58
83 63
83 64
83 65
83 67
83 68
83 69
83 72
83 80
83 86
83 87
83 88
83 90
83 94
83 95
83 97
83 99
84 6
84 11
84 15
84 18
84 21
84 26
84 29
84 33
84 35
84 40
84 41
84 42
84 43
84 46
84 47
84 59
84 60
84 61
84 62
84 67
84 73
84 74
84 75
84 76
84 78
84 79
84 81
84 90
84 92
84 93
85 1
85 2
85 11
85 14
85 15
85 16
85 18
85 19
85 23
85 24
85 32
85 33
85 34
85 35
85 39
85 43
85 47
85 52
85 54
85 57
85 77
85 78
85 81
85 82
85 83
85 84
85 86
85 87
85 89
85 92
85 96
86 1
86 5
86 7
86 10
86 13
86 16
86 19
86 21
86 24
86 28
86 30
86 36
86 37
86 41
86 43
86 45
86 52
86 53
86 55
86 59
86 61
86 63
86 64
86 65
86 68
86 69
86 70
86 74
86 82
86 87
86 92
86 93
86 94
86 95
86 97
86 99
87 2
87 4
87 6
87 8
87 10
87 11
87 14
87 16
87 18
87 20
87 23
87 24
87 35
87 36
87 39
87 40
87 47
87 52
87 53
87 54
87 58
87 60
87 61
87 63
87 67
87 71
87 72
87 77
87 79
87 81
87 82
87 85
87 88
87 91
87 97
87 99
88 6
88 7
88 10
88 14
88 15
88 16
88 21
88 22
88 25
88 30
88 31
88 32
88 38
88 42
88 47
88 49
88 54
88 63
88 65
88 68
88 71
88 74
88 76
88 77
88 78
88 82
88 83
88 85
88 87
88 89
88 98
88 100
89 6
89 7
89 10
89 11
89 13
89 22
89 25
89 27
89 28
89 32
89 34
89 40
89 44
89 45
89 54
89 66
89 68
89 70
89 80
89 85
89 86
89 87
89 88
89 89
89 99
90 2
90 5
90 10
90 13
90 22
90 26
90 27
90 28
90 30
90 32
90 33
90 34
90 36
90 37
90 39
90 42
90 43
90 46
90 49
90 52
90 54
90 55
90 56
90 58
90 59
90 62
90 65
90 68
90 74
90 79
90 80
90 82
90 84
90 87
90 88
90 89
90 90
90 93
90 95
90 97
91 5
91 10
91 13
91 14
91 18
91 19
91 21
91 28
91 31
91 36
91 38
91 48
91 50
91 51
91 54
91 55
91 59
91 60
91 61
91 65
91 66
91 69
91 72
91 73
91 75
91 77
91 78
91 84
91 87
91 89
91 92
91 93
91 94
91 99
92 1
92 8
92 10
92 12
92 16
92 32
92 33
92 36
92 39
92 46
92 47
92 52
92 61
92 68
92 70
92 72
92 74
92 77
92 80
92 86
92 89
92 91
92 93
92 96
92 97
93 2
93 12
93 15
93 17
93 18
93 19
93 20
93 23
93 24
93 25
93 26
93 31
93 33
93 36
93 38
93 39
93 44
93 47
93 48
93 50
93 59
93 60
93 63
93 64
93 65
93 67
93 77
93 78
93 79
93 81
93 83
93 84
93 89
93 92
93 98
93 99
93 100
94 9
94 10
94 15
94 18
94 19
94 22
94 24
94 25
94 26
94 31
94 38
94 42
94 45
94 49
94 58
94 72
94 74
94 76
94 80
94 84
94 87
94 90
94 92
94 94
94 95
94 98
95 1
95 2
95 6
95 7
95 10
95 16
95 17
95 22
95 24
95 26
95 33
95 38
95 40
95 48
95 51
95 55
95 58
95 60
95 64
95 65
95 67
95 74
95 76
95 80
95 83
95 87
95 88
95 89
95 91
95 96
95 98
95 99
96 12
96 16
96 17
96 19
96 20
96 22
96 23
96 26
96 28
96 31
96 33
96 34
96 41
96 42
96 49
96 54
96 55
96 56
96 57
96 58
96 60
96 61
96 66
96 70
96 71
96 72
96 80
96 82
96 83
96 84
96 86
96 88
96 94
96 96
97 2
97 7
97 12
97 13
97 24
97 26
97 30
97 31
97 33
97 34
97 36
97 46
97 49
97 51
97 52
97 55
97 56
97 57
97 59
97 60
97 62
97 64
97 66
97 68
97 70
97 72
97 76
97 79
97 84
97 85
97 86
97 87
97 88
97 89
97 91
97 95
97 96
98 1
98 10
98 12
98 20
98 21
98 26
98 37
98 39
98 43
98 45
98 48
98 58
98 67
98 70
98 71
98 72
98 77
98 79
98 81
98 83
98 91
98 93
98 97
98 99
99 3
99 7
99 8
99 9
99 11
99 16
99 33
99 35
99 39
99 40
99 41
99 48
99 49
99 52
99 57
99 59
99 61
99 63
99 65
99 67
99 69
99 73
99 78
99 88
99 93
99 97
100 8
100 11
100 14
100 17
100 21
100 24
100 30
100 33
100 34
100 38
100 39
100 41
100 49
100 52
100 55
100 56
100 64
100 68
100 71
100 73
100 76
100 77
100 82
100 85
100 86
100 94
100 98
100 99
